-0.00286881  -0.0026134  -0.00199939  -0.151749  0.0107374  0.0440419  
-0.00284299  -0.00259358  -0.00213114  -0.15946  0.0289553  0.104887  
-0.00277253  -0.00244877  -0.00223882  -0.162191  0.0149942  0.110345  
-0.00257504  -0.00255968  -0.0023656  -0.168116  -0.000110743  0.0869807  
-0.00191887  -0.00263656  -0.00212424  -0.168097  0.00426741  0.0682762  
-0.00261088  -0.00232825  -0.00240719  -0.175418  0.0532933  0.10926  
-0.00233938  -0.00245091  -0.00233497  -0.156961  -0.000155221  0.0871496  
-0.002275  -0.00223085  -0.00205537  -0.162564  -9.78791e-05  0.0548492  
-0.00260293  -0.00223085  -0.00210363  -0.169693  0.00108175  0.0929178  
-0.00260542  -0.00223085  -0.00210676  -0.168461  0.00694967  0.0872878  
-0.00236129  -0.00261975  -0.00209262  -0.164681  0.0253047  0.0843026  
-0.0026224  -0.00272798  -0.00240247  -0.164502  0.00802657  0.095452  
-0.00217042  -0.00272798  -0.00199939  -0.163021  0.0069831  0.0557294  
-0.00266532  -0.00272798  -0.00224589  -0.179189  0.0347301  0.0946889  
-0.0023066  -0.00272798  -0.00199939  -0.173984  -0.00127179  0.0943105  
-0.00210133  -0.00251942  -0.00199939  -0.161719  0.00705793  0.0858567  
-0.0026097  -0.00272798  -0.00199939  -0.16468  0.0129847  0.100189  
-0.00154438  -0.00376268  -0.00248589  -0.133547  0.0501179  -0.0638741  
-0.00151889  -0.00281384  -0.00149924  -0.0960376  -0.0034078  -0.0862303  
-0.00196951  -0.00246023  -0.00149923  -0.0985931  0.0174671  0.0475955  
-0.00152662  -0.00207724  -0.00149924  -0.103687  0.00130552  0.0652755  
-0.00185229  -0.00257466  -0.00128098  -0.11287  0.0327009  0.08663  
-0.00184353  -0.00246023  -0.00116419  -0.114914  0.00133906  0.10451  
-0.00167078  -0.00221023  -0.00149924  -0.111864  0.00128004  0.0962813  
-0.00196797  -0.00206903  -0.00149924  -0.113327  0.00124562  0.133429  
-0.00205155  -0.00221023  -0.00149924  -0.10783  -0.00839749  0.121157  
-0.00237786  -0.00215647  -0.00149924  -0.112794  -0.000632562  0.141889  
-0.00181445  -0.00221023  -0.00149924  -0.103813  -0.0150548  0.106437  
-0.00236057  -0.00246023  -0.00149924  -0.113511  0.0223268  0.122592  
-0.00202905  -0.00215908  -0.00149924  -0.112043  0.0102549  0.135544  
-0.0019558  -0.00221023  -0.00149924  -0.112037  -0.0151029  0.152614  
-0.00207996  -0.00221023  -0.00149924  -0.112037  -0.0151117  0.17615  
-0.00155621  -0.00221023  -0.00112932  -0.112062  -0.0150013  0.139958  
-0.0020514  -0.00221023  -0.00141957  -0.103452  -0.0150954  0.168814  
-0.00174742  -0.00221023  -0.00113011  -0.0979295  0.0011282  0.136532  
-0.00213824  -0.00246023  -0.00113011  -0.10417  0.0107772  0.137553  
-0.00273483  -0.00227854  -0.00077068  -0.04303  0.0103148  0.0806817  
-0.00191915  -0.00188819  -0.000435254  -0.0349367  0.0185607  0.0666769  
-0.00167817  -0.00182525  -0.000600805  -0.026839  0.0438951  0.0873381  
-0.00190052  -0.00174379  -0.000734504  -0.0284419  0.0106844  0.0867793  
-0.00155631  -0.00188481  -0.000471183  -0.0303655  0.00690864  0.0794715  
-0.00219136  -0.00189652  -0.00112548  -0.0610665  0.0710776  0.123224  
-0.00196347  -0.00119143  -0.000909008  -0.0440136  0.0047532  0.102625  
-0.00208986  -0.00140091  -0.00073538  -0.0418219  0.00925775  0.122054  
-0.00181332  -0.00151271  -0.00040155  -0.0417492  0.0299156  0.098228  
-0.00199624  -0.00144143  -0.000575628  -0.0448708  0.0290899  0.133746  
-0.00155607  -0.00144143  -0.000411841  -0.0519972  -0.000723821  0.123343  
-0.00187612  -0.00133928  -0.000575628  -0.0408259  0.0408504  0.115167  
-0.00155607  -0.00119143  -0.000575628  -0.0400778  -0.00609278  0.139046  
-0.00170763  -0.00127319  -0.000575628  -0.0377871  0.0200168  0.139537  
-0.00205248  -0.00203204  -0.000575628  -0.0404497  0.00825942  0.11984  
-0.00181503  -0.00180288  -0.000650714  -0.0344834  0.0220463  0.121112  
-0.0019109  -0.00164402  -0.000575628  -0.0345049  0.00718589  0.117782  
-0.0018365  -0.00180288  -0.000575628  -0.0344869  0.0148713  0.117793  
-0.00179032  -0.00170604  -0.000825628  -0.0344878  0.00873073  0.129347  
-0.00124242  -0.00180288  -0.000575628  -0.0344869  0.00857601  0.136028  
-0.00184286  -0.00180288  -0.000575628  -0.0327796  0.00534702  0.13789  
-0.00165458  -0.00180288  -0.000575628  -0.0276846  0.0088005  0.124597  
-0.0020342  -0.00136314  -0.00104078  -0.0325776  0.0407484  0.0800236  
9.51532e-05  -8.57556e-05  -0.000199657  0.0525703  0.00578391  -0.221079  
-0.00124244  0.000208504  0.000329934  0.0411531  0.03376  -0.0232939  
-0.000845433  0.000732786  0.000329934  0.0187309  0.0495446  0.0209961  
-0.00113093  0.000732786  0.000103295  0.020476  0.0269468  0.0491086  
-0.00101199  0.000482786  0.000229426  0.0227212  0.00323579  0.031277  
-0.00124384  0.000143414  -1.66737e-05  0.0200536  0.0375403  0.042737  
-0.000778303  0.000898533  0.000329934  0.0196365  0.0185795  0.0548257  
-0.000620673  0.000898533  0.000407375  0.0313609  0.0280927  0.0312889  
-0.00100384  0.000898533  0.000103737  0.0153304  0.0365218  0.0409166  
-0.00051869  0.000898533  0.00036108  0.0106565  0.0262809  0.0101683  
-0.000789125  0.00042637  0.000335868  0.0190764  0.019991  0.0295579  
-0.00114971  0.000755341  0.000118457  0.0140074  0.00346315  0.00779873  
7.13608e-06  2.2845e-05  0.000264179  0.0235966  0.0165971  -0.0245916  
-0.00061492  0.000537427  -0.000106531  0.00300439  0.0314563  0.0310224  
-0.000214241  2.2845e-05  0.000124927  0.003682  -0.000349948  -0.00400666  
-0.000718079  0.000456071  8.07879e-06  -0.000600681  0.0426204  0.0130691  
-0.000636553  -0.000909716  -0.000329827  -0.00258406  0.0250753  0.022022  
0.000750357  -0.000790121  0.000124927  0.00373727  0.0201968  -0.0169415  
-2.04055e-05  -0.00119292  -8.43637e-05  0.00372011  0.0796008  0.0180132  
0.00025121  -0.000904744  0.000124927  0.0037277  0.031217  0.00389611  
0.000288631  -0.000685845  0.000124927  0.00372827  0.0217344  -0.0116365  
0.00033735  -0.00117052  -0.000244649  -0.00342481  0.0427856  0.0524036  
0.000554993  -0.000701871  0.000124927  0.00369522  0.0137011  0.0371194  
0.000732209  -0.00129236  -4.73863e-06  0.00373999  0.00894041  0.0218178  
0.000847315  -0.00109603  7.60641e-05  0.00370191  0.0255408  0.0517165  
0.00114361  -0.000793274  7.60641e-05  0.00371422  -0.0087395  -0.0123035  
0.000839417  -0.00129236  7.60641e-05  -0.014046  0.0238096  0.00922523  
0.00118789  -0.00129236  -0.000570277  -0.0219003  0.00393162  0.00725008  
0.00169651  -0.00147551  -0.000570277  -0.00880487  0.00364101  -0.00277609  
0.00123781  -0.00129236  -0.000570277  -0.014992  0.0233555  0.0248266  
0.00126797  -0.000818745  -0.000570277  -0.0219274  -0.00878161  0.0185341  
0.00148368  -0.00129236  -0.000570277  -0.0219003  0.02953  0.0175947  
0.00182341  -0.00129236  -0.000570277  -0.0297453  0.00914554  0.00593124  
0.00194495  -0.00150454  -0.000570277  -0.0218877  -0.00872521  0.00352229  
0.00141057  -0.00139719  -0.000570277  -0.0219139  0.0126603  0.0346269  
0.00166732  -0.000972266  -0.000116894  -0.0219364  0.000997278  0.00744619  
0.000497194  -0.000860329  -0.00243687  -0.0491533  0.212896  -0.141283  
-0.000525172  -0.000148082  -0.00103893  -0.00661756  0.055925  -0.155214  
-0.000266408  -0.000661305  -0.000951475  -0.00313352  0.120295  -0.126395  
0.000136507  -0.000314645  -0.000720606  -0.000314482  0.103233  -0.155135  
-3.86877e-05  -0.00050221  -0.000799734  0.0058319  0.120205  -0.125929  
0.000397767  -0.000454162  -0.000528706  0.0028866  0.0892835  -0.142664  
-0.000138876  -0.000702064  -0.000680623  -0.0105372  0.115196  -0.0756096  
0.000440105  -0.000433755  -0.000618993  0.00572954  0.0892226  -0.0968278  
-3.2193e-05  -0.000386974  -0.000801356  -0.0106689  0.0933514  -0.0968244  
1.71307e-05  -0.000311812  -0.000428717  -0.00472485  0.0692252  -0.0968365  
-2.76156e-05  -0.000531839  -0.000406721  0.00165248  0.0944025  -0.125412  
8.61155e-05  -0.000702063  -0.000513973  -0.0107931  0.128484  -0.084356  
0.00010536  -0.000419935  -0.000657555  -0.00432097  0.0856359  -0.123366  
7.52106e-05  -0.000571153  -0.000661043  -0.0202858  0.0969701  -0.152349  
0.000144224  -0.000447466  -0.000751476  -0.0140994  0.0795165  -0.115183  
0.000496199  -0.000452755  -0.000824114  -0.012994  0.0543338  -0.125209  
0.000363409  -0.000407386  -0.000707469  -0.0102639  0.0938525  -0.0925762  
0.000488191  -0.0004287  -0.000897276  -0.0159107  0.0718338  -0.135183  
0.00024644  -0.000217138  -0.00103893  -0.0275378  0.0948473  -0.121157  
0.000407603  -0.000245176  -0.00103893  -0.0102879  0.0754784  -0.112054  
0.000409385  -0.000117102  -0.00103893  -0.0102926  0.0679787  -0.125206  
0.000180339  -0.000102345  -0.000982404  -0.0102866  0.110528  -0.105417  
0.000131267  -0.000392619  -0.000890569  -0.0133147  0.0861936  -0.0972271  
0.000756149  -0.000343048  -0.000825843  -0.0102463  0.100095  -0.125276  
0.000376238  -0.000339711  -0.00140918  -0.0104138  0.180522  -0.0984019  
0.000469928  0.000482648  -0.00111542  0.0132899  0.0655006  -0.129729  
0.000109241  0.000482648  -0.00100213  -0.00740607  0.128681  -0.141923  
0.000514761  0.000600765  -0.00100213  -0.0106933  0.0908893  -0.154359  
0.000158069  0.000482648  -0.0012908  -0.0196662  0.129298  -0.13222  
0.00094513  0.000482648  -0.00100213  -0.013232  0.119877  -0.15436  
0.0005622  0.00060422  -0.00100213  -0.01761  0.112722  -0.145694  
0.000480983  0.00019294  -0.00100213  -0.0230361  0.109662  -0.134713  
0.000761412  0.000577931  -0.00111784  -0.0106648  0.0996402  -0.15438  
0.000410505  0.000652515  -0.00100213  -0.00479395  0.114809  -0.154358  
0.000812  0.000488876  -0.00125213  -0.0109371  0.0829898  -0.160255  
0.00051621  0.000540011  -0.00100213  -0.0107786  0.121067  -0.165004  
0.000727187  0.000215915  -0.00100213  -0.00973212  0.0861656  -0.164613  
0.00100193  0.000215915  -0.00125213  -0.00976518  0.105086  -0.190467  
0.00062684  0.000215915  -0.00100213  -0.00973213  0.129745  -0.172876  
0.000881768  0.000467063  -0.00100213  -0.00969723  0.0829895  -0.172971  
0.000678034  0.000215915  -0.00100213  -0.00973212  0.117545  -0.1809  
0.00158539  0.000215915  -0.00130667  -0.0270849  0.117561  -0.185311  
0.00124057  0.000215915  -0.00107858  -0.0270573  0.0979544  -0.203474  
0.000556923  0.00044986  -0.00105684  -0.0243291  0.117165  -0.179386  
0.00148555  0.000408597  -0.00100213  -0.0270181  0.0978941  -0.226596  
0.00156602  0.000215915  -0.00153308  -0.0529368  0.122014  -0.199665  
0.00153481  0.000215915  -0.00153308  -0.0434602  0.0697447  -0.204139  
0.00131048  -0.000109128  -0.00153308  -0.0434985  0.0977454  -0.20585  
0.00122956  -3.40848e-05  -0.00153308  -0.0434919  0.078032  -0.194222  
0.00183642  0.000107877  -0.00141798  -0.0278365  0.0958414  -0.211312  
0.00280511  0.00177955  -0.00242681  0.0476302  0.234454  -0.592887  
